Execution for N: 800, K: 4, D: 3
With 4 processes
-4599.479820
-2875.703405
-2247.504029
-1966.589212
-1799.343799
-1658.553468
-1520.418909
-1338.116023
-935.040964
-39.575070
163.711451
163.711451
163.711451
163.711451
163.711451
163.711451
163.711451


--------------
Execution for N: 800, K: 4, D: 3
With 4 processes
-4536.535538
-3113.647465
-2542.047457
-2186.367418
-1718.181218
-1200.752301
-350.143610
-84.327546
59.866250
163.657831
163.711451
163.711451
163.711451
163.711451
163.711451
163.711451
