Execution for N: 800, K: 4, D: 3
-3710.521698
-3147.364946
-3064.017229
-2773.918128
-2218.539693
-1837.256119
-1666.154408
-1451.020526
-1215.648184
-878.850009
-275.428284
-268.597329
-261.097239
-208.524146
-88.982905
24.721664
134.857634
254.943334
369.908382
370.098550
370.098550
370.098550
370.098550
370.098550
370.098550


--------------
Execution for N: 800, K: 4, D: 3
-3755.208486
-3113.284389
-2937.169446
-2271.350827
-1635.069760
-1197.527176
-784.799521
-98.985031
-85.788856
-61.050204
-17.455302
27.088347
74.742769
141.099441
216.856479
288.580447
358.860939
370.097720
370.098403
370.098403
370.098403
370.098403
370.098403
370.098403
