

 ------------------------------------------ 
 Execution for N: 800, K: 4, D: 3
-4493.346382
-2269.436655
-1483.566817
-394.494434
-318.360717
-306.311297
-290.890859
-250.578883
-166.605355
-124.656173
-105.691350
-94.278802
-86.190191
-78.017950
-61.934752
0.411218
60.789533
115.701920
180.056618
252.145927
330.039201
369.774772
370.098549
370.098550
370.098550
370.098550
370.098550
370.098550


--------------
Execution for N: 800, K: 4, D: 3
With 4 processes-4597.326437
-2893.210619
-2277.925732
-1921.804314
-1674.208688
-742.263577
214.581618
370.031120
370.098550
370.098550
370.098550
370.098550
370.098550
370.098550


--------------
Execution for N: 800, K: 4, D: 3
With 4 processes-4809.635295
-2331.920474
-1746.010092
-1546.672788
-1511.769581
-1454.269650
-1347.716180
-1253.973957
-1202.931724
-1180.754195
-1169.029715
-1162.261347
-1158.752026
-1153.191529
-1112.138193
-971.690329
-564.298987
-47.744764
358.928913
370.098550
370.098550
370.098550
370.098550
370.098550
370.098550
370.098550


--------------
Execution for N: 800, K: 4, D: 3
With 4 processes-5146.182099
-2285.517630
-1537.769037
-1519.953009
-1497.790507
-1418.895341
-722.777929
-113.598122
-92.638562
-92.508776
-92.447226
-92.392035
-92.329513
-92.253365
-92.158458
-92.036025
